p cnf 70 400
-13 -1 -2 0
26 22 70 0
27 57 29 0
5 -50 -31 0
20 -34 63 0
9 -28 -42 0
25 20 64 0
-34 -37 17 0
51 27 63 0
-36 59 -35 0
61 11 37 0
40 57 -44 0
50 11 -35 0
-35 -59 -4 0
-57 15 -26 0
-63 39 11 0
39 47 -17 0
44 7 63 0
62 36 -38 0
67 -27 18 0
-16 -1 32 0
-26 12 5 0
11 -25 56 0
14 -38 3 0
61 26 68 0
-23 -51 19 0
17 -29 23 0
-59 -27 60 0
-3 26 30 0
36 -63 42 0
62 2 -24 0
17 -30 27 0
-46 -17 20 0
24 -57 38 0
-35 -17 -48 0
-9 -65 51 0
19 4 41 0
-17 -26 18 0
-33 -49 -6 0
-47 -52 -65 0
-63 38 -26 0
45 44 42 0
6 18 -50 0
-55 53 -50 0
30 -1 -57 0
68 -46 -18 0
56 -30 -47 0
51 -63 -65 0
58 -56 -11 0
-19 -21 -43 0
-29 -52 -14 0
-34 -22 -53 0
-70 -7 -54 0
-6 37 -41 0
5 -38 -54 0
-20 30 -16 0
20 55 25 0
43 -8 -11 0
57 -26 -63 0
12 47 -39 0
-65 -14 -53 0
-34 -31 10 0
32 -29 -47 0
42 23 -65 0
-59 -64 62 0
4 46 36 0
28 -15 43 0
22 62 31 0
-20 40 47 0
26 -58 -1 0
32 70 59 0
60 -17 22 0
-43 9 52 0
-4 -24 45 0
64 -47 50 0
-11 -60 -34 0
-26 51 67 0
39 2 -31 0
-22 -34 -18 0
54 -39 40 0
13 42 26 0
-44 48 10 0
39 47 69 0
-49 -55 23 0
16 -11 8 0
-51 63 -42 0
-6 62 65 0
11 32 -64 0
22 -36 60 0
44 -39 40 0
-31 -15 43 0
21 -9 7 0
-16 52 -56 0
-47 -49 -32 0
-70 60 1 0
66 -28 16 0
-11 25 -68 0
-5 -1 30 0
7 40 50 0
58 -19 -41 0
-18 -37 25 0
61 51 -43 0
-58 -31 46 0
-5 -61 20 0
67 -55 -70 0
70 62 -36 0
22 6 -15 0
15 7 46 0
60 -58 16 0
15 -52 -47 0
16 50 9 0
-27 42 -56 0
-5 10 29 0
21 -70 63 0
-44 31 23 0
39 -32 -13 0
-32 36 -16 0
44 -29 -53 0
59 63 -47 0
22 35 66 0
-69 -1 35 0
16 64 -42 0
-35 -12 67 0
64 70 -47 0
33 8 22 0
43 51 2 0
-7 55 65 0
-4 -26 -13 0
-33 -56 20 0
55 -4 -67 0
46 70 -33 0
13 12 63 0
-5 12 -48 0
-13 -50 9 0
70 43 -5 0
-57 -62 -63 0
2 69 27 0
-46 -53 -17 0
-70 -28 38 0
-54 -42 69 0
-49 52 41 0
32 -19 -66 0
-37 32 -9 0
33 36 25 0
16 18 -44 0
-65 42 -29 0
-63 -10 -14 0
5 -24 19 0
61 33 -56 0
5 -32 56 0
7 -34 -57 0
-33 37 7 0
-64 27 49 0
17 -21 -15 0
-55 -4 23 0
-21 18 10 0
44 34 64 0
28 35 -13 0
2 66 -28 0
-9 66 24 0
-19 -49 -14 0
-40 30 27 0
-34 47 52 0
-42 37 67 0
32 48 63 0
-47 30 7 0
-52 9 56 0
-25 -16 23 0
-15 51 -42 0
-31 27 70 0
69 -36 48 0
-15 61 -38 0
46 -68 -27 0
48 -28 18 0
57 -3 8 0
8 27 -62 0
65 -31 17 0
6 69 66 0
-27 63 -24 0
-6 15 21 0
-18 -54 -31 0
65 52 45 0
32 -18 25 0
41 55 57 0
69 62 -4 0
-6 58 -7 0
9 -56 11 0
45 -50 -7 0
9 -58 25 0
-9 -66 24 0
-28 -53 -68 0
-10 -44 -9 0
17 -25 -31 0
66 17 -24 0
62 -2 51 0
-13 -54 43 0
68 14 -23 0
25 69 -65 0
22 46 21 0
-69 43 -27 0
-2 13 3 0
-29 8 54 0
22 -25 -46 0
-64 -50 -13 0
-29 20 58 0
-49 26 -24 0
-26 -69 -27 0
14 -38 53 0
6 42 -8 0
62 53 -63 0
39 31 48 0
11 44 40 0
23 3 12 0
-42 -3 18 0
-42 17 -41 0
-39 5 53 0
14 70 -58 0
-54 -57 49 0
-29 -37 43 0
-6 -14 54 0
33 -51 46 0
57 -1 -28 0
-15 -16 42 0
-22 -2 21 0
-38 19 65 0
25 15 26 0
-38 -56 -11 0
-62 53 35 0
-36 -35 -28 0
-11 -22 48 0
-66 -48 -20 0
5 -2 61 0
-35 -44 16 0
65 -27 26 0
13 -46 -20 0
52 -29 20 0
-21 26 -70 0
31 40 64 0
70 22 65 0
30 -36 -11 0
-41 9 56 0
-47 -63 19 0
-38 9 60 0
55 -60 49 0
60 45 -5 0
38 20 -8 0
-20 -51 -57 0
21 14 -17 0
54 20 32 0
68 34 -17 0
-41 52 62 0
-8 19 -24 0
69 -57 15 0
-2 62 -31 0
22 27 -31 0
54 -25 11 0
-60 33 -3 0
11 -41 -15 0
4 21 -70 0
21 14 -12 0
-29 -40 -25 0
-28 -16 39 0
32 20 -31 0
57 -8 -43 0
68 22 -49 0
2 11 30 0
33 38 -6 0
-12 3 46 0
-33 -21 42 0
54 26 51 0
21 -4 -9 0
34 55 6 0
24 52 -54 0
14 -66 -39 0
-27 -55 -35 0
-13 16 -64 0
35 17 -48 0
-44 -46 20 0
66 -39 -22 0
52 -23 -47 0
29 3 -48 0
-66 -18 -1 0
-50 46 -27 0
-64 -19 -32 0
54 49 68 0
59 55 -48 0
-31 -1 -62 0
-14 -33 42 0
-30 -64 42 0
-56 47 -55 0
66 -67 -37 0
-17 6 -42 0
-70 -43 45 0
34 -53 -27 0
14 -28 53 0
-69 -62 15 0
-14 -3 15 0
18 61 -29 0
-32 -54 3 0
-34 65 25 0
-37 -14 50 0
-57 -59 61 0
19 -41 -53 0
16 -3 -6 0
56 -53 31 0
10 67 30 0
-11 28 65 0
-56 -10 31 0
68 -48 17 0
11 -31 -38 0
-32 61 -66 0
28 -21 57 0
-43 -2 -34 0
-37 41 70 0
13 -59 36 0
-53 42 64 0
-11 -60 -27 0
34 43 59 0
-42 64 -12 0
-34 -62 26 0
-56 -21 5 0
-35 7 -29 0
-15 34 25 0
51 6 10 0
20 13 -43 0
-18 60 2 0
27 -40 16 0
64 -28 67 0
65 46 -57 0
-67 21 -9 0
65 -50 -11 0
45 -37 62 0
-7 50 45 0
70 65 -36 0
-4 -31 -54 0
-30 -69 -62 0
-51 23 57 0
-10 45 16 0
11 31 5 0
-64 -68 -10 0
-26 -43 -69 0
-55 -31 -70 0
-37 39 13 0
-2 58 -39 0
-59 57 53 0
-49 -63 40 0
1 45 50 0
70 18 -49 0
-55 66 -4 0
-15 54 70 0
20 -18 17 0
-26 -52 -49 0
-11 50 -44 0
45 35 53 0
56 21 -48 0
67 55 -2 0
18 10 34 0
-9 34 61 0
49 -23 -10 0
50 47 64 0
-20 15 32 0
-2 -10 40 0
10 -51 2 0
-10 -43 26 0
40 62 -37 0
27 -15 20 0
61 40 27 0
25 5 56 0
31 46 37 0
55 -66 -26 0
-11 -15 12 0
4 70 -15 0
66 51 61 0
-51 53 54 0
59 -61 52 0
12 11 -51 0
-45 34 -44 0
48 -5 -52 0
-35 57 -53 0
-58 -41 54 0
-26 58 -60 0
6 -46 12 0
-9 69 -36 0
29 11 60 0
-65 -48 69 0
-47 22 59 0
67 -9 69 0
-52 -13 -59 0
-31 -20 33 0
-3 -13 51 0
70 11 -61 0
49 30 -68 0
36 -10 -2 0
17 56 -70 0
53 -7 -57 0
24 11 -61 0
-56 -40 6 0
15 40 -4 0
-59 -61 -21 0
-28 -64 -62 0
